   0.0000000E+00
   2.0240559E-04
   4.0946485E-04
   6.2138385E-04
   8.3834402E-04
   1.0605163E-03
   1.2880642E-03
   1.5211457E-03
   1.7599155E-03
   2.0045259E-03
   2.2551280E-03
   2.5118722E-03
   2.7749088E-03
   3.0443882E-03
   3.3204615E-03
   3.6032804E-03
   3.8929973E-03
   4.1897654E-03
   4.4937388E-03
   4.8050726E-03
   5.1239225E-03
   5.4504464E-03
   5.7848016E-03
   6.1271454E-03
   6.4776354E-03
   6.8364291E-03
   7.2036831E-03
   7.5795535E-03
   7.9641953E-03
   8.3577617E-03
   8.7604043E-03
   9.1722723E-03
   9.5935122E-03
   1.0024268E-02
   1.0464680E-02
   1.0914886E-02
   1.1375019E-02
   1.1845205E-02
   1.2325567E-02
   1.2816223E-02
   1.3317281E-02
   1.3828849E-02
   1.4351022E-02
   1.4883894E-02
   1.5427550E-02
   1.5982069E-02
   1.6547523E-02
   1.7123977E-02
   1.7711492E-02
   1.8310123E-02
   1.8919921E-02
   1.9540934E-02
   2.0173210E-02
   2.0816793E-02
   2.1471729E-02
   2.2138058E-02
   2.2815820E-02
   2.3505052E-02
   2.4205792E-02
   2.4918071E-02
   2.5641923E-02
   2.6377377E-02
   2.7124456E-02
   2.7883179E-02
   2.8653561E-02
   2.9435612E-02
   3.0229338E-02
   3.1034747E-02
   3.1851839E-02
   3.2680607E-02
   3.3521040E-02
   3.4373124E-02
   3.5236840E-02
   3.6112167E-02
   3.6999078E-02
   3.7897539E-02
   3.8807509E-02
   3.9728943E-02
   4.0661791E-02
   4.1606001E-02
   4.2561510E-02
   4.3528247E-02
   4.4506136E-02
   4.5495093E-02
   4.6495033E-02
   4.7505858E-02
   4.8527462E-02
   4.9559733E-02
   5.0602550E-02
   5.1655791E-02
   5.2719319E-02
   5.3792991E-02
   5.4876653E-02
   5.5970148E-02
   5.7073309E-02
   5.8185960E-02
   5.9307916E-02
   6.0438982E-02
   6.1578963E-02
   6.2727649E-02
   6.3884824E-02
   6.5050265E-02
   6.6223744E-02
   6.7405024E-02
   6.8593864E-02
   6.9790012E-02
   7.0993215E-02
   7.2203215E-02
   7.3419746E-02
   7.4642538E-02
   7.5871316E-02
   7.7105805E-02
   7.8345722E-02
   7.9590782E-02
   8.0840696E-02
   8.2095173E-02
   8.3353920E-02
   8.4616639E-02
   8.5883031E-02
   8.7152797E-02
   8.8425632E-02
   8.9701232E-02
   9.0979291E-02
   9.2259499E-02
   9.3541546E-02
   9.4825122E-02
   9.6109914E-02
   9.7395608E-02
   9.8681889E-02
   9.9968430E-02
   1.0125499E-01
   1.0254151E-01
   1.0382800E-01
   1.0511444E-01
   1.0640082E-01
   1.0768713E-01
   1.0897336E-01
   1.1025951E-01
   1.1154555E-01
   1.1283148E-01
   1.1411730E-01
   1.1540300E-01
   1.1668856E-01
   1.1797397E-01
   1.1925924E-01
   1.2054436E-01
   1.2182930E-01
   1.2311407E-01
   1.2439867E-01
   1.2568307E-01
   1.2696727E-01
   1.2825128E-01
   1.2953507E-01
   1.3081865E-01
   1.3210201E-01
   1.3338513E-01
   1.3466802E-01
   1.3595067E-01
   1.3723306E-01
   1.3851521E-01
   1.3979709E-01
   1.4107870E-01
   1.4236004E-01
   1.4364110E-01
   1.4492188E-01
   1.4620237E-01
   1.4748256E-01
   1.4876245E-01
   1.5004204E-01
   1.5132131E-01
   1.5260027E-01
   1.5387890E-01
   1.5515721E-01
   1.5643519E-01
   1.5771282E-01
   1.5899012E-01
   1.6026706E-01
   1.6154366E-01
   1.6281990E-01
   1.6409578E-01
   1.6537130E-01
   1.6664644E-01
   1.6792121E-01
   1.6919560E-01
   1.7046961E-01
   1.7174324E-01
   1.7301647E-01
   1.7428931E-01
   1.7556175E-01
   1.7683378E-01
   1.7810541E-01
   1.7937663E-01
   1.8064744E-01
   1.8191783E-01
   1.8318779E-01
   1.8445733E-01
   1.8572644E-01
   1.8699512E-01
   1.8826337E-01
   1.8953118E-01
   1.9079854E-01
   1.9206546E-01
   1.9333193E-01
   1.9459794E-01
   1.9586350E-01
   1.9712861E-01
   1.9839324E-01
   1.9965742E-01
   2.0092113E-01
