       Time_s           01           02           03           04           05
   0.0000E+00   8.0000E+01   3.0000E+02   0.0000E+00   0.0000E+00   0.0000E+00
   5.0000E-09   8.0000E+01   3.0000E+02   1.5012E+04   3.9976E+01   7.9954E+05
   1.0000E-08   8.0000E+01   3.0000E+02   1.5035E+04   2.5849E+01   5.1700E+05
   1.5000E-08   8.0000E+01   3.0000E+02   1.5056E+04   1.7048E+01   3.4098E+05
   2.0000E-08   8.0000E+01   3.0000E+02   1.5056E+04   1.1516E+01   2.3033E+05
   2.5000E-08   8.0000E+01   3.0000E+02   1.5078E+04   8.0075E+00   1.6016E+05
   3.0000E-08   8.0000E+01   3.0000E+02   1.5078E+04   5.7515E+00   1.1504E+05
   3.5000E-08   8.0000E+01   3.0000E+02   1.5078E+04   4.2847E+00   8.5700E+04
   4.0000E-08   8.0000E+01   3.0000E+02   1.5078E+04   3.3181E+00   6.6368E+04
   4.5000E-08   8.0000E+01   3.0000E+02   1.5078E+04   2.6725E+00   5.3455E+04
   5.0000E-08   8.0000E+01   3.0000E+02   1.5099E+04   2.2365E+00   4.4734E+04
   5.5000E-08   8.0000E+01   3.0000E+02   1.5099E+04   1.9358E+00   3.8720E+04
   6.0000E-08   8.0000E+01   3.0000E+02   1.5099E+04   1.7273E+00   3.4548E+04
   6.5000E-08   8.0000E+01   3.0000E+02   1.5099E+04   1.5809E+00   3.1621E+04
   7.0000E-08   8.0000E+01   3.0000E+02   1.5099E+04   1.4770E+00   2.9542E+04
   7.5000E-08   8.0000E+01   3.0000E+02   1.5099E+04   1.4025E+00   2.8052E+04
   8.0000E-08   8.0000E+01   3.0000E+02   1.5099E+04   1.3485E+00   2.6973E+04
   8.5000E-08   8.0000E+01   3.0000E+02   1.5099E+04   1.3091E+00   2.6185E+04
   9.0000E-08   8.0000E+01   3.0000E+02   1.5099E+04   1.2802E+00   2.5606E+04
   9.5000E-08   8.0000E+01   3.0000E+02   1.5099E+04   1.2588E+00   2.5179E+04
   1.0000E-07   8.0000E+01   3.0000E+02   1.5099E+04   1.2430E+00   2.4863E+04
   1.0500E-07   8.0000E+01   3.0000E+02   1.5099E+04   1.2314E+00   2.4630E+04
   1.1000E-07   8.0000E+01   3.0000E+02   1.5099E+04   1.2229E+00   2.4460E+04
   1.1500E-07   8.0000E+01   3.0000E+02   1.5099E+04   1.2167E+00   2.4337E+04
   1.2000E-07   8.0000E+01   3.0000E+02   1.5099E+04   1.2125E+00   2.4253E+04
   1.2500E-07   8.0000E+01   3.0000E+02   1.5099E+04   1.2098E+00   2.4198E+04
   1.3000E-07   8.0000E+01   3.0000E+02   1.5099E+04   1.2082E+00   2.4167E+04
   1.3500E-07   8.0000E+01   3.0000E+02   1.5099E+04   1.2077E+00   2.4156E+04
   1.4000E-07   8.0000E+01   3.0000E+02   1.5099E+04   1.2080E+00   2.4162E+04
   1.4500E-07   8.0000E+01   3.0000E+02   1.5099E+04   1.2089E+00   2.4181E+04
   1.5000E-07   8.0000E+01   3.0000E+02   1.5099E+04   1.2105E+00   2.4213E+04
   1.5500E-07   8.0000E+01   3.0000E+02   1.5099E+04   1.2127E+00   2.4256E+04
   1.6000E-07   8.0000E+01   3.0000E+02   1.5120E+04   1.2159E+00   2.4321E+04
   1.6500E-07   8.0000E+01   3.0000E+02   1.5120E+04   1.2185E+00   2.4372E+04
   1.7000E-07   8.0000E+01   3.0000E+02   1.5120E+04   1.2216E+00   2.4435E+04
   1.7500E-07   8.0000E+01   3.0000E+02   1.5120E+04   1.2253E+00   2.4509E+04
   1.8000E-07   8.0000E+01   3.0000E+02   1.5120E+04   1.2294E+00   2.4590E+04
   1.8500E-07   8.0000E+01   3.0000E+02   1.5120E+04   1.2338E+00   2.4679E+04
   1.9000E-07   8.0000E+01   3.0000E+02   1.5120E+04   1.2386E+00   2.4774E+04
   1.9500E-07   8.0000E+01   3.0000E+02   1.5120E+04   1.2436E+00   2.4875E+04
   2.0000E-07   8.0000E+01   3.0000E+02   1.5120E+04   1.2489E+00   2.4981E+04
   2.0500E-07   8.0000E+01   3.0000E+02   1.5120E+04   1.2545E+00   2.5092E+04
   2.1000E-07   8.0000E+01   3.0000E+02   1.5120E+04   1.2602E+00   2.5208E+04
   2.1500E-07   8.0000E+01   3.0000E+02   1.5120E+04   1.2662E+00   2.5328E+04
   2.2000E-07   8.0000E+01   3.0000E+02   1.5120E+04   1.2725E+00   2.5452E+04
   2.2500E-07   8.0000E+01   3.0000E+02   1.5120E+04   1.2789E+00   2.5580E+04
   2.3000E-07   8.0000E+01   3.0000E+02   1.5120E+04   1.2855E+00   2.5712E+04
   2.3500E-07   8.0000E+01   3.0000E+02   1.5120E+04   1.2922E+00   2.5848E+04
   2.4000E-07   8.0000E+01   3.0000E+02   1.5120E+04   1.2992E+00   2.5986E+04
   2.4500E-07   8.0000E+01   3.0000E+02   1.5120E+04   1.3063E+00   2.6129E+04
   2.5000E-07   8.0000E+01   3.0000E+02   1.5120E+04   1.3135E+00   2.6274E+04
   2.5500E-07   8.0000E+01   3.0000E+02   1.5120E+04   1.3209E+00   2.6422E+04
   2.6000E-07   8.0000E+01   3.0000E+02   1.5120E+04   1.3285E+00   2.6573E+04
   2.6500E-07   8.0000E+01   3.0000E+02   1.5120E+04   1.3362E+00   2.6727E+04
   2.7000E-07   8.0000E+01   3.0000E+02   1.5120E+04   1.3440E+00   2.6884E+04
   2.7500E-07   8.0000E+01   3.0000E+02   1.5120E+04   1.3520E+00   2.7043E+04
   2.8000E-07   8.0000E+01   3.0000E+02   1.5141E+04   1.3602E+00   2.7208E+04
   2.8500E-07   8.0000E+01   3.0000E+02   1.5141E+04   1.3681E+00   2.7365E+04
   2.9000E-07   8.0000E+01   3.0000E+02   1.5141E+04   1.3762E+00   2.7528E+04
   2.9500E-07   8.0000E+01   3.0000E+02   1.5141E+04   1.3846E+00   2.7695E+04
   3.0000E-07   8.0000E+01   3.0000E+02   1.5141E+04   1.3931E+00   2.7865E+04
   3.0500E-07   8.0000E+01   3.0000E+02   1.5141E+04   1.4017E+00   2.8038E+04
   3.1000E-07   8.0000E+01   3.0000E+02   1.5141E+04   1.4105E+00   2.8213E+04
   3.1500E-07   8.0000E+01   3.0000E+02   1.5141E+04   1.4193E+00   2.8390E+04
   3.2000E-07   8.0000E+01   3.0000E+02   1.5141E+04   1.4283E+00   2.8570E+04
   3.2500E-07   8.0000E+01   3.0000E+02   1.5141E+04   1.4374E+00   2.8751E+04
   3.3000E-07   8.0000E+01   3.0000E+02   1.5141E+04   1.4466E+00   2.8935E+04
   3.3500E-07   8.0000E+01   3.0000E+02   1.5141E+04   1.4558E+00   2.9120E+04
   3.4000E-07   8.0000E+01   3.0000E+02   1.5141E+04   1.4652E+00   2.9307E+04
   3.4500E-07   8.0000E+01   3.0000E+02   1.5141E+04   1.4746E+00   2.9496E+04
   3.5000E-07   8.0000E+01   3.0000E+02   1.5141E+04   1.4841E+00   2.9687E+04
   3.5500E-07   8.0000E+01   3.0000E+02   1.5141E+04   1.4937E+00   2.9879E+04
   3.6000E-07   8.0000E+01   3.0000E+02   1.5141E+04   1.5034E+00   3.0073E+04
   3.6500E-07   8.0000E+01   3.0000E+02   1.5141E+04   1.5132E+00   3.0268E+04
   3.7000E-07   8.0000E+01   3.0000E+02   1.5141E+04   1.5231E+00   3.0466E+04
   3.7500E-07   8.0000E+01   3.0000E+02   1.5141E+04   1.5330E+00   3.0664E+04
   3.8000E-07   8.0000E+01   3.0000E+02   1.5163E+04   1.5437E+00   3.0879E+04
   3.8500E-07   8.0000E+01   3.0000E+02   1.5163E+04   1.5532E+00   3.1068E+04
   3.9000E-07   8.0000E+01   3.0000E+02   1.5163E+04   1.5630E+00   3.1265E+04
   3.9500E-07   8.0000E+01   3.0000E+02   1.5163E+04   1.5731E+00   3.1466E+04
   4.0000E-07   8.0000E+01   3.0000E+02   1.5163E+04   1.5833E+00   3.1671E+04
   4.0500E-07   8.0000E+01   3.0000E+02   1.5163E+04   1.5937E+00   3.1878E+04
   4.1000E-07   8.0000E+01   3.0000E+02   1.5163E+04   1.6041E+00   3.2087E+04
   4.1500E-07   8.0000E+01   3.0000E+02   1.5163E+04   1.6147E+00   3.2299E+04
   4.2000E-07   8.0000E+01   3.0000E+02   1.5163E+04   1.6253E+00   3.2511E+04
   4.2500E-07   8.0000E+01   3.0000E+02   1.5163E+04   1.6360E+00   3.2726E+04
   4.3000E-07   8.0000E+01   3.0000E+02   1.5163E+04   1.6468E+00   3.2942E+04
   4.3500E-07   8.0000E+01   3.0000E+02   1.5163E+04   1.6577E+00   3.3159E+04
   4.4000E-07   8.0000E+01   3.0000E+02   1.5163E+04   1.6686E+00   3.3378E+04
   4.4500E-07   8.0000E+01   3.0000E+02   1.5163E+04   1.6796E+00   3.3598E+04
   4.5000E-07   8.0000E+01   3.0000E+02   1.5163E+04   1.6907E+00   3.3820E+04
   4.5500E-07   8.0000E+01   3.0000E+02   1.5163E+04   1.7019E+00   3.4043E+04
   4.6000E-07   8.0000E+01   3.0000E+02   1.5163E+04   1.7131E+00   3.4267E+04
   4.6500E-07   8.0000E+01   3.0000E+02   1.5163E+04   1.7244E+00   3.4493E+04
   4.7000E-07   8.0000E+01   3.0000E+02   1.5184E+04   1.7367E+00   3.4739E+04
   4.7500E-07   8.0000E+01   3.0000E+02   1.5184E+04   1.7473E+00   3.4952E+04
   4.8000E-07   8.0000E+01   3.0000E+02   1.5184E+04   1.7584E+00   3.5174E+04
   4.8500E-07   8.0000E+01   3.0000E+02   1.5184E+04   1.7698E+00   3.5401E+04
   4.9000E-07   8.0000E+01   3.0000E+02   1.5184E+04   1.7813E+00   3.5632E+04
   4.9500E-07   8.0000E+01   3.0000E+02   1.5184E+04   1.7930E+00   3.5865E+04
   5.0000E-07   8.0000E+01   3.0000E+02   1.5184E+04   1.8047E+00   3.6101E+04
   5.0500E-07   8.0000E+01   3.0000E+02   1.5184E+04   1.8166E+00   3.6338E+04
   5.1000E-07   8.0000E+01   3.0000E+02   1.5184E+04   1.8286E+00   3.6578E+04
   5.1500E-07   8.0000E+01   3.0000E+02   1.5184E+04   1.8406E+00   3.6818E+04
   5.2000E-07   8.0000E+01   3.0000E+02   1.5184E+04   1.8527E+00   3.7060E+04
   5.2500E-07   8.0000E+01   3.0000E+02   1.5184E+04   1.8649E+00   3.7304E+04
   5.3000E-07   8.0000E+01   3.0000E+02   1.5184E+04   1.8771E+00   3.7549E+04
   5.3500E-07   8.0000E+01   3.0000E+02   1.5184E+04   1.8894E+00   3.7795E+04
   5.4000E-07   8.0000E+01   3.0000E+02   1.5184E+04   1.9018E+00   3.8043E+04
   5.4500E-07   8.0000E+01   3.0000E+02   1.5184E+04   1.9143E+00   3.8292E+04
   5.5000E-07   8.0000E+01   3.0000E+02   1.5184E+04   1.9268E+00   3.8543E+04
   5.5500E-07   8.0000E+01   3.0000E+02   1.5206E+04   1.9397E+00   3.8800E+04
   5.6000E-07   8.0000E+01   3.0000E+02   1.5206E+04   1.9518E+00   3.9044E+04
   5.6500E-07   8.0000E+01   3.0000E+02   1.5206E+04   1.9643E+00   3.9294E+04
   5.7000E-07   8.0000E+01   3.0000E+02   1.5206E+04   1.9770E+00   3.9548E+04
   5.7500E-07   8.0000E+01   3.0000E+02   1.5206E+04   1.9899E+00   3.9805E+04
   5.8000E-07   8.0000E+01   3.0000E+02   1.5206E+04   2.0028E+00   4.0064E+04
   5.8500E-07   8.0000E+01   3.0000E+02   1.5206E+04   2.0159E+00   4.0325E+04
   5.9000E-07   8.0000E+01   3.0000E+02   1.5206E+04   2.0290E+00   4.0588E+04
   5.9500E-07   8.0000E+01   3.0000E+02   1.5206E+04   2.0423E+00   4.0853E+04
   6.0000E-07   8.0000E+01   3.0000E+02   1.5206E+04   2.0556E+00   4.1119E+04
   6.0500E-07   8.0000E+01   3.0000E+02   1.5206E+04   2.0689E+00   4.1387E+04
   6.1000E-07   8.0000E+01   3.0000E+02   1.5206E+04   2.0824E+00   4.1656E+04
   6.1500E-07   8.0000E+01   3.0000E+02   1.5206E+04   2.0959E+00   4.1927E+04
   6.2000E-07   8.0000E+01   3.0000E+02   1.5206E+04   2.1095E+00   4.2199E+04
   6.2500E-07   8.0000E+01   3.0000E+02   1.5206E+04   2.1232E+00   4.2473E+04
   6.3000E-07   8.0000E+01   3.0000E+02   1.5227E+04   2.1372E+00   4.2753E+04
   6.3500E-07   8.0000E+01   3.0000E+02   1.5227E+04   2.1505E+00   4.3019E+04
   6.4000E-07   8.0000E+01   3.0000E+02   1.5227E+04   2.1642E+00   4.3293E+04
   6.4500E-07   8.0000E+01   3.0000E+02   1.5227E+04   2.1781E+00   4.3570E+04
   6.5000E-07   8.0000E+01   3.0000E+02   1.5227E+04   2.1921E+00   4.3851E+04
   6.5500E-07   8.0000E+01   3.0000E+02   1.5227E+04   2.2063E+00   4.4134E+04
   6.6000E-07   8.0000E+01   3.0000E+02   1.5227E+04   2.2205E+00   4.4419E+04
   6.6500E-07   8.0000E+01   3.0000E+02   1.5227E+04   2.2349E+00   4.4706E+04
   6.7000E-07   8.0000E+01   3.0000E+02   1.5227E+04   2.2493E+00   4.4995E+04
   6.7500E-07   8.0000E+01   3.0000E+02   1.5227E+04   2.2638E+00   4.5286E+04
   6.8000E-07   8.0000E+01   3.0000E+02   1.5227E+04   2.2784E+00   4.5578E+04
   6.8500E-07   8.0000E+01   3.0000E+02   1.5227E+04   2.2931E+00   4.5871E+04
   6.9000E-07   8.0000E+01   3.0000E+02   1.5227E+04   2.3078E+00   4.6167E+04
   6.9500E-07   8.0000E+01   3.0000E+02   1.5249E+04   2.3230E+00   4.6471E+04
   7.0000E-07   8.0000E+01   3.0000E+02   1.5249E+04   2.3374E+00   4.6757E+04
   7.0500E-07   8.0000E+01   3.0000E+02   1.5249E+04   2.3521E+00   4.7052E+04
   7.1000E-07   8.0000E+01   3.0000E+02   1.5249E+04   2.3670E+00   4.7351E+04
   7.1500E-07   8.0000E+01   3.0000E+02   1.5249E+04   2.3821E+00   4.7653E+04
   7.2000E-07   8.0000E+01   3.0000E+02   1.5249E+04   2.3974E+00   4.7959E+04
   7.2500E-07   8.0000E+01   3.0000E+02   1.5249E+04   2.4128E+00   4.8266E+04
   7.3000E-07   8.0000E+01   3.0000E+02   1.5249E+04   2.4283E+00   4.8576E+04
   7.3500E-07   8.0000E+01   3.0000E+02   1.5249E+04   2.4438E+00   4.8887E+04
   7.4000E-07   8.0000E+01   3.0000E+02   1.5249E+04   2.4595E+00   4.9201E+04
   7.4500E-07   8.0000E+01   3.0000E+02   1.5249E+04   2.4752E+00   4.9516E+04
   7.5000E-07   8.0000E+01   3.0000E+02   1.5249E+04   2.4911E+00   4.9832E+04
   7.5500E-07   8.0000E+01   3.0000E+02   1.5270E+04   2.5079E+00   5.0169E+04
   7.6000E-07   8.0000E+01   3.0000E+02   1.5270E+04   2.5230E+00   5.0471E+04
   7.6500E-07   8.0000E+01   3.0000E+02   1.5270E+04   2.5386E+00   5.0784E+04
   7.7000E-07   8.0000E+01   3.0000E+02   1.5270E+04   2.5546E+00   5.1104E+04
   7.7500E-07   8.0000E+01   3.0000E+02   1.5270E+04   2.5708E+00   5.1427E+04
   7.8000E-07   8.0000E+01   3.0000E+02   1.5270E+04   2.5871E+00   5.1754E+04
   7.8500E-07   8.0000E+01   3.0000E+02   1.5270E+04   2.6036E+00   5.2084E+04
   7.9000E-07   8.0000E+01   3.0000E+02   1.5270E+04   2.6201E+00   5.2416E+04
   7.9500E-07   8.0000E+01   3.0000E+02   1.5270E+04   2.6368E+00   5.2750E+04
   8.0000E-07   8.0000E+01   3.0000E+02   1.5270E+04   2.6536E+00   5.3085E+04
   8.0500E-07   8.0000E+01   3.0000E+02   1.5270E+04   2.6705E+00   5.3423E+04
   8.1000E-07   8.0000E+01   3.0000E+02   1.5270E+04   2.6875E+00   5.3763E+04
   8.1500E-07   8.0000E+01   3.0000E+02   1.5292E+04   2.7050E+00   5.4113E+04
   8.2000E-07   8.0000E+01   3.0000E+02   1.5292E+04   2.7214E+00   5.4442E+04
   8.2500E-07   8.0000E+01   3.0000E+02   1.5292E+04   2.7383E+00   5.4781E+04
   8.3000E-07   8.0000E+01   3.0000E+02   1.5292E+04   2.7555E+00   5.5125E+04
   8.3500E-07   8.0000E+01   3.0000E+02   1.5292E+04   2.7729E+00   5.5473E+04
   8.4000E-07   8.0000E+01   3.0000E+02   1.5292E+04   2.7905E+00   5.5824E+04
   8.4500E-07   8.0000E+01   3.0000E+02   1.5292E+04   2.8081E+00   5.6177E+04
   8.5000E-07   8.0000E+01   3.0000E+02   1.5292E+04   2.8259E+00   5.6533E+04
   8.5500E-07   8.0000E+01   3.0000E+02   1.5292E+04   2.8438E+00   5.6891E+04
   8.6000E-07   8.0000E+01   3.0000E+02   1.5292E+04   2.8618E+00   5.7251E+04
   8.6500E-07   8.0000E+01   3.0000E+02   1.5292E+04   2.8799E+00   5.7614E+04
   8.7000E-07   8.0000E+01   3.0000E+02   1.5314E+04   2.8985E+00   5.7986E+04
   8.7500E-07   8.0000E+01   3.0000E+02   1.5314E+04   2.9161E+00   5.8338E+04
   8.8000E-07   8.0000E+01   3.0000E+02   1.5314E+04   2.9341E+00   5.8699E+04
   8.8500E-07   8.0000E+01   3.0000E+02   1.5314E+04   2.9525E+00   5.9065E+04
   8.9000E-07   8.0000E+01   3.0000E+02   1.5314E+04   2.9710E+00   5.9436E+04
   8.9500E-07   8.0000E+01   3.0000E+02   1.5314E+04   2.9897E+00   5.9810E+04
   9.0000E-07   8.0000E+01   3.0000E+02   1.5314E+04   3.0085E+00   6.0187E+04
   9.0500E-07   8.0000E+01   3.0000E+02   1.5314E+04   3.0275E+00   6.0567E+04
   9.1000E-07   8.0000E+01   3.0000E+02   1.5314E+04   3.0466E+00   6.0948E+04
   9.1500E-07   8.0000E+01   3.0000E+02   1.5314E+04   3.0657E+00   6.1332E+04
   9.2000E-07   8.0000E+01   3.0000E+02   1.5336E+04   3.0855E+00   6.1728E+04
   9.2500E-07   8.0000E+01   3.0000E+02   1.5336E+04   3.1041E+00   6.2100E+04
   9.3000E-07   8.0000E+01   3.0000E+02   1.5336E+04   3.1232E+00   6.2483E+04
   9.3500E-07   8.0000E+01   3.0000E+02   1.5336E+04   3.1427E+00   6.2871E+04
   9.4000E-07   8.0000E+01   3.0000E+02   1.5336E+04   3.1623E+00   6.3265E+04
   9.4500E-07   8.0000E+01   3.0000E+02   1.5336E+04   3.1821E+00   6.3661E+04
   9.5000E-07   8.0000E+01   3.0000E+02   1.5336E+04   3.2021E+00   6.4061E+04
   9.5500E-07   8.0000E+01   3.0000E+02   1.5336E+04   3.2222E+00   6.4463E+04
   9.6000E-07   8.0000E+01   3.0000E+02   1.5336E+04   3.2424E+00   6.4867E+04
   9.6500E-07   8.0000E+01   3.0000E+02   1.5357E+04   3.2641E+00   6.5302E+04
   9.7000E-07   8.0000E+01   3.0000E+02   1.5357E+04   3.2833E+00   6.5687E+04
   9.7500E-07   8.0000E+01   3.0000E+02   1.5357E+04   3.3032E+00   6.6085E+04
   9.8000E-07   8.0000E+01   3.0000E+02   1.5357E+04   3.3236E+00   6.6492E+04
   9.8500E-07   8.0000E+01   3.0000E+02   1.5357E+04   3.3442E+00   6.6905E+04
   9.9000E-07   8.0000E+01   3.0000E+02   1.5357E+04   3.3650E+00   6.7322E+04
   9.9500E-07   8.0000E+01   3.0000E+02   1.5357E+04   3.3861E+00   6.7743E+04
   1.0000E-06   8.0000E+01   3.0000E+02   1.5357E+04   3.4072E+00   6.8166E+04
   1.0050E-06   8.0000E+01   3.0000E+02   1.5357E+04   3.4285E+00   6.8592E+04
   1.0100E-06   8.0000E+01   3.0000E+02   1.5379E+04   3.4514E+00   6.9049E+04
   1.0150E-06   8.0000E+01   3.0000E+02   1.5379E+04   3.4716E+00   6.9455E+04
   1.0200E-06   8.0000E+01   3.0000E+02   1.5379E+04   3.4926E+00   6.9875E+04
   1.0250E-06   8.0000E+01   3.0000E+02   1.5379E+04   3.5140E+00   7.0304E+04
   1.0300E-06   8.0000E+01   3.0000E+02   1.5379E+04   3.5358E+00   7.0739E+04
   1.0350E-06   8.0000E+01   3.0000E+02   1.5379E+04   3.5577E+00   7.1178E+04
   1.0400E-06   8.0000E+01   3.0000E+02   1.5379E+04   3.5799E+00   7.1622E+04
   1.0450E-06   8.0000E+01   3.0000E+02   1.5379E+04   3.6022E+00   7.2068E+04
   1.0500E-06   8.0000E+01   3.0000E+02   1.5379E+04   3.6246E+00   7.2516E+04
   1.0550E-06   8.0000E+01   3.0000E+02   1.5401E+04   3.6477E+00   7.2979E+04
   1.0600E-06   8.0000E+01   3.0000E+02   1.5401E+04   3.6695E+00   7.3415E+04
   1.0650E-06   8.0000E+01   3.0000E+02   1.5401E+04   3.6919E+00   7.3863E+04
   1.0700E-06   8.0000E+01   3.0000E+02   1.5401E+04   3.7146E+00   7.4318E+04
   1.0750E-06   8.0000E+01   3.0000E+02   1.5401E+04   3.7376E+00   7.4777E+04
   1.0800E-06   8.0000E+01   3.0000E+02   1.5401E+04   3.7607E+00   7.5241E+04
   1.0850E-06   8.0000E+01   3.0000E+02   1.5401E+04   3.7841E+00   7.5708E+04
   1.0900E-06   8.0000E+01   3.0000E+02   1.5401E+04   3.8075E+00   7.6178E+04
   1.0950E-06   8.0000E+01   3.0000E+02   1.5422E+04   3.8318E+00   7.6663E+04
   1.1000E-06   8.0000E+01   3.0000E+02   1.5422E+04   3.8546E+00   7.7120E+04
   1.1050E-06   8.0000E+01   3.0000E+02   1.5422E+04   3.8780E+00   7.7588E+04
   1.1100E-06   8.0000E+01   3.0000E+02   1.5422E+04   3.9018E+00   7.8064E+04
   1.1150E-06   8.0000E+01   3.0000E+02   1.5422E+04   3.9259E+00   7.8546E+04
   1.1200E-06   8.0000E+01   3.0000E+02   1.5422E+04   3.9501E+00   7.9032E+04
   1.1250E-06   8.0000E+01   3.0000E+02   1.5422E+04   3.9746E+00   7.9521E+04
   1.1300E-06   8.0000E+01   3.0000E+02   1.5444E+04   4.0005E+00   8.0040E+04
   1.1350E-06   8.0000E+01   3.0000E+02   1.5444E+04   4.0239E+00   8.0509E+04
   1.1400E-06   8.0000E+01   3.0000E+02   1.5444E+04   4.0481E+00   8.0993E+04
   1.1450E-06   8.0000E+01   3.0000E+02   1.5444E+04   4.0728E+00   8.1487E+04
   1.1500E-06   8.0000E+01   3.0000E+02   1.5444E+04   4.0978E+00   8.1987E+04
   1.1550E-06   8.0000E+01   3.0000E+02   1.5444E+04   4.1230E+00   8.2492E+04
   1.1600E-06   8.0000E+01   3.0000E+02   1.5444E+04   4.1484E+00   8.3001E+04
   1.1650E-06   8.0000E+01   3.0000E+02   1.5444E+04   4.1740E+00   8.3513E+04
   1.1700E-06   8.0000E+01   3.0000E+02   1.5466E+04   4.2001E+00   8.4036E+04
   1.1750E-06   8.0000E+01   3.0000E+02   1.5466E+04   4.2250E+00   8.4534E+04
   1.1800E-06   8.0000E+01   3.0000E+02   1.5466E+04   4.2505E+00   8.5045E+04
   1.1850E-06   8.0000E+01   3.0000E+02   1.5466E+04   4.2765E+00   8.5564E+04
   1.1900E-06   8.0000E+01   3.0000E+02   1.5466E+04   4.3027E+00   8.6089E+04
   1.1950E-06   8.0000E+01   3.0000E+02   1.5466E+04   4.3291E+00   8.6618E+04
   1.2000E-06   8.0000E+01   3.0000E+02   1.5466E+04   4.3557E+00   8.7150E+04
   1.2050E-06   8.0000E+01   3.0000E+02   1.5487E+04   4.3829E+00   8.7694E+04
   1.2100E-06   8.0000E+01   3.0000E+02   1.5487E+04   4.4088E+00   8.8213E+04
   1.2150E-06   8.0000E+01   3.0000E+02   1.5487E+04   4.4354E+00   8.8745E+04
   1.2200E-06   8.0000E+01   3.0000E+02   1.5487E+04   4.4624E+00   8.9286E+04
   1.2250E-06   8.0000E+01   3.0000E+02   1.5487E+04   4.4897E+00   8.9832E+04
   1.2300E-06   8.0000E+01   3.0000E+02   1.5487E+04   4.5172E+00   9.0383E+04
   1.2350E-06   8.0000E+01   3.0000E+02   1.5508E+04   4.5467E+00   9.0974E+04
   1.2400E-06   8.0000E+01   3.0000E+02   1.5508E+04   4.5729E+00   9.1497E+04
   1.2450E-06   8.0000E+01   3.0000E+02   1.5508E+04   4.6000E+00   9.2040E+04
   1.2500E-06   8.0000E+01   3.0000E+02   1.5508E+04   4.6277E+00   9.2595E+04
   1.2550E-06   8.0000E+01   3.0000E+02   1.5508E+04   4.6559E+00   9.3159E+04
   1.2600E-06   8.0000E+01   3.0000E+02   1.5508E+04   4.6843E+00   9.3727E+04
   1.2650E-06   8.0000E+01   3.0000E+02   1.5508E+04   4.7129E+00   9.4300E+04
   1.2700E-06   8.0000E+01   3.0000E+02   1.5529E+04   4.7427E+00   9.4897E+04
   1.2750E-06   8.0000E+01   3.0000E+02   1.5529E+04   4.7703E+00   9.5450E+04
   1.2800E-06   8.0000E+01   3.0000E+02   1.5529E+04   4.7988E+00   9.6019E+04
   1.2850E-06   8.0000E+01   3.0000E+02   1.5529E+04   4.8278E+00   9.6599E+04
   1.2900E-06   8.0000E+01   3.0000E+02   1.5529E+04   4.8571E+00   9.7187E+04
   1.2950E-06   8.0000E+01   3.0000E+02   1.5529E+04   4.8867E+00   9.7779E+04
   1.3000E-06   8.0000E+01   3.0000E+02   1.5551E+04   4.9178E+00   9.8403E+04
   1.3050E-06   8.0000E+01   3.0000E+02   1.5551E+04   4.9462E+00   9.8971E+04
   1.3100E-06   8.0000E+01   3.0000E+02   1.5551E+04   4.9756E+00   9.9558E+04
   1.3150E-06   8.0000E+01   3.0000E+02   1.5551E+04   5.0055E+00   1.0016E+05
   1.3200E-06   8.0000E+01   3.0000E+02   1.5551E+04   5.0358E+00   1.0076E+05
   1.3250E-06   8.0000E+01   3.0000E+02   1.5551E+04   5.0664E+00   1.0138E+05
   1.3300E-06   8.0000E+01   3.0000E+02   1.5572E+04   5.0986E+00   1.0202E+05
   1.3350E-06   8.0000E+01   3.0000E+02   1.5572E+04   5.1280E+00   1.0261E+05
   1.3400E-06   8.0000E+01   3.0000E+02   1.5572E+04   5.1583E+00   1.0322E+05
   1.3450E-06   8.0000E+01   3.0000E+02   1.5572E+04   5.1893E+00   1.0384E+05
   1.3500E-06   8.0000E+01   3.0000E+02   1.5572E+04   5.2206E+00   1.0447E+05
   1.3550E-06   8.0000E+01   3.0000E+02   1.5572E+04   5.2523E+00   1.0510E+05
   1.3600E-06   8.0000E+01   3.0000E+02   1.5594E+04   5.2857E+00   1.0577E+05
   1.3650E-06   8.0000E+01   3.0000E+02   1.5594E+04   5.3160E+00   1.0637E+05
   1.3700E-06   8.0000E+01   3.0000E+02   1.5594E+04   5.3474E+00   1.0700E+05
   1.3750E-06   8.0000E+01   3.0000E+02   1.5594E+04   5.3793E+00   1.0764E+05
   1.3800E-06   8.0000E+01   3.0000E+02   1.5594E+04   5.4118E+00   1.0829E+05
   1.3850E-06   8.0000E+01   3.0000E+02   1.5594E+04   5.4444E+00   1.0895E+05
   1.3900E-06   8.0000E+01   3.0000E+02   1.5617E+04   5.4791E+00   1.0964E+05
   1.3950E-06   8.0000E+01   3.0000E+02   1.5617E+04   5.5103E+00   1.1026E+05
   1.4000E-06   8.0000E+01   3.0000E+02   1.5617E+04   5.5427E+00   1.1091E+05
   1.4050E-06   8.0000E+01   3.0000E+02   1.5617E+04   5.5758E+00   1.1158E+05
   1.4100E-06   8.0000E+01   3.0000E+02   1.5617E+04   5.6093E+00   1.1225E+05
   1.4150E-06   8.0000E+01   3.0000E+02   1.5617E+04   5.6431E+00   1.1292E+05
   1.4200E-06   8.0000E+01   3.0000E+02   1.5639E+04   5.6777E+00   1.1362E+05
   1.4250E-06   8.0000E+01   3.0000E+02   1.5639E+04   5.7106E+00   1.1428E+05
   1.4300E-06   8.0000E+01   3.0000E+02   1.5639E+04   5.7445E+00   1.1495E+05
   1.4350E-06   8.0000E+01   3.0000E+02   1.5639E+04   5.7788E+00   1.1564E+05
   1.4400E-06   8.0000E+01   3.0000E+02   1.5639E+04   5.8135E+00   1.1634E+05
   1.4450E-06   8.0000E+01   3.0000E+02   1.5661E+04   5.8501E+00   1.1707E+05
   1.4500E-06   8.0000E+01   3.0000E+02   1.5661E+04   5.8834E+00   1.1774E+05
   1.4550E-06   8.0000E+01   3.0000E+02   1.5661E+04   5.9179E+00   1.1843E+05
   1.4600E-06   8.0000E+01   3.0000E+02   1.5661E+04   5.9531E+00   1.1913E+05
   1.4650E-06   8.0000E+01   3.0000E+02   1.5661E+04   5.9887E+00   1.1984E+05
   1.4700E-06   8.0000E+01   3.0000E+02   1.5683E+04   6.0270E+00   1.2061E+05
   1.4750E-06   8.0000E+01   3.0000E+02   1.5683E+04   6.0610E+00   1.2129E+05
   1.4800E-06   8.0000E+01   3.0000E+02   1.5683E+04   6.0962E+00   1.2200E+05
   1.4850E-06   8.0000E+01   3.0000E+02   1.5683E+04   6.1323E+00   1.2272E+05
   1.4900E-06   8.0000E+01   3.0000E+02   1.5683E+04   6.1688E+00   1.2345E+05
   1.4950E-06   8.0000E+01   3.0000E+02   1.5705E+04   6.2082E+00   1.2424E+05
   1.5000E-06   8.0000E+01   3.0000E+02   1.5705E+04   6.2431E+00   1.2494E+05
   1.5050E-06   8.0000E+01   3.0000E+02   1.5705E+04   6.2793E+00   1.2566E+05
   1.5100E-06   8.0000E+01   3.0000E+02   1.5705E+04   6.3163E+00   1.2640E+05
   1.5150E-06   8.0000E+01   3.0000E+02   1.5705E+04   6.3539E+00   1.2716E+05
   1.5200E-06   8.0000E+01   3.0000E+02   1.5728E+04   6.3945E+00   1.2797E+05
   1.5250E-06   8.0000E+01   3.0000E+02   1.5728E+04   6.4302E+00   1.2869E+05
   1.5300E-06   8.0000E+01   3.0000E+02   1.5728E+04   6.4674E+00   1.2943E+05
   1.5350E-06   8.0000E+01   3.0000E+02   1.5728E+04   6.5055E+00   1.3019E+05
   1.5400E-06   8.0000E+01   3.0000E+02   1.5728E+04   6.5441E+00   1.3096E+05
   1.5450E-06   8.0000E+01   3.0000E+02   1.5750E+04   6.5846E+00   1.3178E+05
   1.5500E-06   8.0000E+01   3.0000E+02   1.5750E+04   6.6219E+00   1.3252E+05
   1.5550E-06   8.0000E+01   3.0000E+02   1.5750E+04   6.6604E+00   1.3329E+05
   1.5600E-06   8.0000E+01   3.0000E+02   1.5750E+04   6.6996E+00   1.3408E+05
   1.5650E-06   8.0000E+01   3.0000E+02   1.5750E+04   6.7394E+00   1.3488E+05
   1.5700E-06   8.0000E+01   3.0000E+02   1.5774E+04   6.7802E+00   1.3569E+05
   1.5750E-06   8.0000E+01   3.0000E+02   1.5774E+04   6.8189E+00   1.3647E+05
   1.5800E-06   8.0000E+01   3.0000E+02   1.5774E+04   6.8586E+00   1.3727E+05
   1.5850E-06   8.0000E+01   3.0000E+02   1.5774E+04   6.8991E+00   1.3808E+05
   1.5900E-06   8.0000E+01   3.0000E+02   1.5797E+04   6.9419E+00   1.3893E+05
   1.5950E-06   8.0000E+01   3.0000E+02   1.5797E+04   6.9808E+00   1.3971E+05
   1.6000E-06   8.0000E+01   3.0000E+02   1.5797E+04   7.0212E+00   1.4052E+05
   1.6050E-06   8.0000E+01   3.0000E+02   1.5797E+04   7.0624E+00   1.4135E+05
   1.6100E-06   8.0000E+01   3.0000E+02   1.5797E+04   7.1041E+00   1.4218E+05
   1.6150E-06   8.0000E+01   3.0000E+02   1.5821E+04   7.1469E+00   1.4304E+05
   1.6200E-06   8.0000E+01   3.0000E+02   1.5821E+04   7.1875E+00   1.4385E+05
   1.6250E-06   8.0000E+01   3.0000E+02   1.5821E+04   7.2293E+00   1.4469E+05
   1.6300E-06   8.0000E+01   3.0000E+02   1.5821E+04   7.2718E+00   1.4554E+05
   1.6350E-06   8.0000E+01   3.0000E+02   1.5846E+04   7.3169E+00   1.4644E+05
   1.6400E-06   8.0000E+01   3.0000E+02   1.5846E+04   7.3576E+00   1.4726E+05
   1.6450E-06   8.0000E+01   3.0000E+02   1.5846E+04   7.3999E+00   1.4811E+05
   1.6500E-06   8.0000E+01   3.0000E+02   1.5846E+04   7.4432E+00   1.4897E+05
   1.6550E-06   8.0000E+01   3.0000E+02   1.5869E+04   7.4891E+00   1.4989E+05
   1.6600E-06   8.0000E+01   3.0000E+02   1.5869E+04   7.5309E+00   1.5073E+05
   1.6650E-06   8.0000E+01   3.0000E+02   1.5869E+04   7.5742E+00   1.5160E+05
   1.6700E-06   8.0000E+01   3.0000E+02   1.5869E+04   7.6184E+00   1.5248E+05
   1.6750E-06   8.0000E+01   3.0000E+02   1.5893E+04   7.6660E+00   1.5344E+05
   1.6800E-06   8.0000E+01   3.0000E+02   1.5893E+04   7.7085E+00   1.5429E+05
   1.6850E-06   8.0000E+01   3.0000E+02   1.5893E+04   7.7526E+00   1.5517E+05
   1.6900E-06   8.0000E+01   3.0000E+02   1.5893E+04   7.7977E+00   1.5608E+05
   1.6950E-06   8.0000E+01   3.0000E+02   1.5918E+04   7.8464E+00   1.5705E+05
   1.7000E-06   8.0000E+01   3.0000E+02   1.5918E+04   7.8898E+00   1.5792E+05
   1.7050E-06   8.0000E+01   3.0000E+02   1.5918E+04   7.9349E+00   1.5882E+05
   1.7100E-06   8.0000E+01   3.0000E+02   1.5918E+04   7.9809E+00   1.5975E+05
   1.7150E-06   8.0000E+01   3.0000E+02   1.5944E+04   8.0308E+00   1.6074E+05
   1.7200E-06   8.0000E+01   3.0000E+02   1.5944E+04   8.0750E+00   1.6163E+05
   1.7250E-06   8.0000E+01   3.0000E+02   1.5944E+04   8.1211E+00   1.6255E+05
   1.7300E-06   8.0000E+01   3.0000E+02   1.5944E+04   8.1682E+00   1.6350E+05
   1.7350E-06   8.0000E+01   3.0000E+02   1.5970E+04   8.2192E+00   1.6452E+05
   1.7400E-06   8.0000E+01   3.0000E+02   1.5970E+04   8.2643E+00   1.6542E+05
   1.7450E-06   8.0000E+01   3.0000E+02   1.5970E+04   8.3114E+00   1.6637E+05
   1.7500E-06   8.0000E+01   3.0000E+02   1.5970E+04   8.3595E+00   1.6733E+05
   1.7550E-06   8.0000E+01   3.0000E+02   1.5997E+04   8.4117E+00   1.6838E+05
   1.7600E-06   8.0000E+01   3.0000E+02   1.5997E+04   8.4578E+00   1.6930E+05
   1.7650E-06   8.0000E+01   3.0000E+02   1.5997E+04   8.5059E+00   1.7026E+05
   1.7700E-06   8.0000E+01   3.0000E+02   1.5997E+04   8.5550E+00   1.7125E+05
   1.7750E-06   8.0000E+01   3.0000E+02   1.6021E+04   8.6065E+00   1.7228E+05
   1.7800E-06   8.0000E+01   3.0000E+02   1.6021E+04   8.6548E+00   1.7325E+05
   1.7850E-06   8.0000E+01   3.0000E+02   1.6021E+04   8.7044E+00   1.7424E+05
   1.7900E-06   8.0000E+01   3.0000E+02   1.6048E+04   8.7606E+00   1.7537E+05
   1.7950E-06   8.0000E+01   3.0000E+02   1.6048E+04   8.8075E+00   1.7631E+05
   1.8000E-06   8.0000E+01   3.0000E+02   1.6048E+04   8.8569E+00   1.7730E+05
   1.8050E-06   8.0000E+01   3.0000E+02   1.6048E+04   8.9077E+00   1.7832E+05
   1.8100E-06   8.0000E+01   3.0000E+02   1.6074E+04   8.9628E+00   1.7942E+05
   1.8150E-06   8.0000E+01   3.0000E+02   1.6074E+04   9.0120E+00   1.8040E+05
   1.8200E-06   8.0000E+01   3.0000E+02   1.6074E+04   9.0631E+00   1.8143E+05
   1.8250E-06   8.0000E+01   3.0000E+02   1.6074E+04   9.1154E+00   1.8248E+05
   1.8300E-06   8.0000E+01   3.0000E+02   1.6100E+04   9.1703E+00   1.8358E+05
   1.8350E-06   8.0000E+01   3.0000E+02   1.6100E+04   9.2214E+00   1.8460E+05
   1.8400E-06   8.0000E+01   3.0000E+02   1.6100E+04   9.2741E+00   1.8566E+05
   1.8450E-06   8.0000E+01   3.0000E+02   1.6125E+04   9.3312E+00   1.8680E+05
   1.8500E-06   8.0000E+01   3.0000E+02   1.6125E+04   9.3824E+00   1.8783E+05
   1.8550E-06   8.0000E+01   3.0000E+02   1.6125E+04   9.4356E+00   1.8889E+05
   1.8600E-06   8.0000E+01   3.0000E+02   1.6150E+04   9.4950E+00   1.9008E+05
   1.8650E-06   8.0000E+01   3.0000E+02   1.6150E+04   9.5461E+00   1.9111E+05
   1.8700E-06   8.0000E+01   3.0000E+02   1.6150E+04   9.5998E+00   1.9219E+05
   1.8750E-06   8.0000E+01   3.0000E+02   1.6150E+04   9.6548E+00   1.9329E+05
   1.8800E-06   8.0000E+01   3.0000E+02   1.6176E+04   9.7127E+00   1.9445E+05
   1.8850E-06   8.0000E+01   3.0000E+02   1.6176E+04   9.7668E+00   1.9553E+05
   1.8900E-06   8.0000E+01   3.0000E+02   1.6176E+04   9.8225E+00   1.9665E+05
   1.8950E-06   8.0000E+01   3.0000E+02   1.6203E+04   9.8831E+00   1.9786E+05
   1.9000E-06   8.0000E+01   3.0000E+02   1.6203E+04   9.9370E+00   1.9894E+05
   1.9050E-06   8.0000E+01   3.0000E+02   1.6203E+04   9.9931E+00   2.0007E+05
   1.9100E-06   8.0000E+01   3.0000E+02   1.6229E+04   1.0056E+01   2.0133E+05
   1.9150E-06   8.0000E+01   3.0000E+02   1.6229E+04   1.0110E+01   2.0241E+05
   1.9200E-06   8.0000E+01   3.0000E+02   1.6229E+04   1.0167E+01   2.0355E+05
   1.9250E-06   8.0000E+01   3.0000E+02   1.6229E+04   1.0225E+01   2.0471E+05
   1.9300E-06   8.0000E+01   3.0000E+02   1.6256E+04   1.0286E+01   2.0594E+05
   1.9350E-06   8.0000E+01   3.0000E+02   1.6256E+04   1.0343E+01   2.0708E+05
   1.9400E-06   8.0000E+01   3.0000E+02   1.6256E+04   1.0402E+01   2.0826E+05
   1.9450E-06   8.0000E+01   3.0000E+02   1.6281E+04   1.0464E+01   2.0951E+05
   1.9500E-06   8.0000E+01   3.0000E+02   1.6281E+04   1.0522E+01   2.1067E+05
   1.9550E-06   8.0000E+01   3.0000E+02   1.6305E+04   1.0588E+01   2.1200E+05
   1.9600E-06   8.0000E+01   3.0000E+02   1.6305E+04   1.0645E+01   2.1313E+05
   1.9650E-06   8.0000E+01   3.0000E+02   1.6305E+04   1.0704E+01   2.1432E+05
   1.9700E-06   8.0000E+01   3.0000E+02   1.6305E+04   1.0765E+01   2.1554E+05
   1.9750E-06   8.0000E+01   3.0000E+02   1.6332E+04   1.0830E+01   2.1684E+05
   1.9800E-06   8.0000E+01   3.0000E+02   1.6332E+04   1.0890E+01   2.1804E+05
   1.9850E-06   8.0000E+01   3.0000E+02   1.6357E+04   1.0958E+01   2.1941E+05
   1.9900E-06   8.0000E+01   3.0000E+02   1.6357E+04   1.1016E+01   2.2058E+05
   1.9950E-06   8.0000E+01   3.0000E+02   1.6357E+04   1.1078E+01   2.2181E+05
   2.0000E-06   8.0000E+01   3.0000E+02   1.6357E+04   1.1141E+01   2.2308E+05
   2.0050E-06   8.0000E+01   3.0000E+02   1.6385E+04   1.1208E+01   2.2442E+05
